0 20150101
1 20150108
2 20150115
3 20150122
4 20150129
5 20150205
6 20150212
7 20150219
8 20150226
9 20150305
10 20150312
11 20150319
12 20150326
13 20150402
14 20150409
15 20150416
16 20150423
17 20150430
18 20150507
19 20150514
20 20150521
21 20150528
22 20150604
23 20150611
24 20150618
25 20150625
26 20150702
27 20150709
28 20150716
29 20150723
30 20150730
31 20150806
32 20150813
33 20150820
34 20150827
35 20150903
36 20150910
37 20150917
38 20150924
39 20151001
40 20151008
41 20151015
42 20151022
43 20151029
44 20151105
45 20151112
46 20151119
47 20151126
48 20151203
49 20151210
50 20151217
51 20151224
52 20151231
53 20160101
