0 20160101
1 20160108
2 20160115
3 20160122
4 20160129
5 20160205
6 20160212
7 20160219
8 20160226
9 20160304
10 20160311
11 20160318
12 20160325
13 20160401
14 20160408
15 20160415
16 20160422
17 20160429
18 20160506
19 20160513
20 20160520
21 20160527
22 20160603
23 20160610
24 20160617
25 20160624
26 20160701
27 20160708
28 20160715
29 20160722
30 20160729
31 20160805
32 20160812
33 20160819
34 20160826
35 20160902
36 20160909
37 20160916
38 20160923
39 20160930
40 20161007
41 20161014
42 20161021
43 20161028
44 20161104
45 20161111
46 20161118
47 20161125
48 20161202
49 20161209
50 20161216
51 20161223
52 20161230
53 20170101
